53190105414632000115550010000180251000180255
53190105414632000115550010000180241000180240
53190105414632000115550010000180261000180260
53190105414632000115550010000180221000180229
53190105414632000115550010000180231000180234
53190105414632000115650010000070351817011287
53190105414632000115650010000070361809049650
53190105414632000115650010000070371693237755
53190105414632000115650010000070381790023966
53190105414632000115550010000180271000180276
53190105414632000115550010000180281000180281
53190105414632000115550010000180291000180297
53190105414632000115650010000070501885692738
53190105414632000115650010000070421660364316
53190105414632000115650010000070441467917036
53190105414632000115650010000070471114889867
53190105414632000115650010000070481876639619
53190105414632000115650010000070391028823304
53190105414632000115650010000070401610747900
53190105414632000115650010000070411433240384
53190105414632000115650010000070511319256940
53190105414632000115650010000070431022236159
53190105414632000115650010000070451655633900
53190105414632000115650010000070461512658647
53190105414632000115650010000070491629557508
53190105414632000115550010000180301000180301
53190105414632000115550010000180361000180364
53190105414632000115550010000180311000180317
53190105414632000115550010000180321000180322
53190105414632000115550010000180401000180405
53190105414632000115550010000180391000180390
53190105414632000115550010000180331000180338
53190105414632000115550010000180371000180370
53190105414632000115550010000180381000180385
53190105414632000115650010000070621440347822
53190105414632000115650010000070581238476711
53190105414632000115650010000070591059760811
53190105414632000115650010000070601759358596
53190105414632000115650010000070611814700502
53190105414632000115650010000070521482488614
53190105414632000115650010000070531548505560
53190105414632000115650010000070631930281558
53190105414632000115650010000070541826826960
53190105414632000115650010000070551028908567
53190105414632000115650010000070571346711370
53190105414632000115550010000180341000180343
53190105414632000115550010000180351000180359
53190105414632000115550010000180421000180426
53190105414632000115650010000070641441045417
53190105414632000115550010000180411000180410
53190105414632000115550010000180431000180431
53190105414632000115550010000180451000180452
53190105414632000115550010000180441000180447
53190105414632000115650010000070711296053110
53190105414632000115650010000070731630632106
53190105414632000115650010000070741018126898
53190105414632000115650010000070751142524880
53190105414632000115650010000070721573083300
53190105414632000115650010000070651887071059
53190105414632000115650010000070661435653235
53190105414632000115650010000070671477833026
53190105414632000115650010000070681428961676
53190105414632000115650010000070701691956171
53190105414632000115650010000070691072450681
53190105414632000115550010000180521000180520
53190105414632000115550010000180511000180514
53190105414632000115550010000180541000180540
53190105414632000115550010000180551000180556
53190105414632000115550010000180461000180468
53190105414632000115550010000180471000180473
53190105414632000115550010000180481000180489
53190105414632000115550010000180501000180509
53190105414632000115550010000180571000180577
53190105414632000115550010000180581000180582
53190105414632000115550010000180491000180494
53190105414632000115550010000180561000180561
53190105414632000115650010000070821296270417
53190105414632000115650010000070761280235466
53190105414632000115650010000070771924196736
53190105414632000115650010000070801319032180
53190105414632000115650010000070811158961328
53190105414632000115650010000070831218335538
53190105414632000115650010000070781267856910
53190105414632000115650010000070791078259637
53190105414632000115550010000180531000180535
53190105414632000115550010000180611000180618
53190105414632000115550010000180621000180623
53190105414632000115550010000180651000180650
53190105414632000115550010000180631000180639
53190105414632000115550010000180661000180665
53190105414632000115550010000180671000180670
53190105414632000115550010000180681000180686
53190105414632000115550010000180601000180602
53190105414632000115550010000180641000180644
53190105414632000115650010000070841368456052
53190105414632000115650010000070851306382222
53190105414632000115650010000070861246532514
53190105414632000115650010000070871642805111
53190105414632000115650010000070881286997016
53190105414632000115550010000180591000180598
53190105414632000115550010000180781000180780
53190105414632000115550010000180691000180691
53190105414632000115550010000180701000180706
53190105414632000115550010000180741000180748
53190105414632000115550010000180711000180711
53190105414632000115550010000180761000180769
53190105414632000115550010000180721000180727
53190105414632000115550010000180791000180795
53190105414632000115550010000180751000180753
53190105414632000115550010000180771000180774
53190105414632000115550010000180731000180732
53190105414632000115650010000070901294334665
53190105414632000115650010000070921717018359
53190105414632000115650010000070931943946277
53190105414632000115650010000070951022620761
53190105414632000115650010000070961944001782
53190105414632000115650010000070891165234108
53190105414632000115650010000070911546151290
53190105414632000115650010000070941715613939
53190105414632000115550010000180811000180815
53190105414632000115550010000180831000180836
53190105414632000115550010000180801000180800
53190105414632000115550010000180841000180841
53190105414632000115550010000180821000180820
53190105414632000115650010000071001088447580
53190105414632000115650010000071011801764008
53190105414632000115650010000071031396375034
53190105414632000115650010000070981461477205
53190105414632000115650010000070991829601413
53190105414632000115650010000071021916409992
53190105414632000115650010000070971425029454
53190105414632000115550010000180851000180857
53190105414632000115650010000071051119555350
53190105414632000115650010000071061230309084
53190105414632000115650010000071041959329723
53190105414632000115550010000180911000180919
53190105414632000115550010000180871000180878
53190105414632000115550010000180891000180899
53190105414632000115550010000180881000180883
53190105414632000115550010000180921000180924
53190105414632000115550010000180901000180903
53190105414632000115650010000071201203321175
53190105414632000115650010000071211445247268
53190105414632000115650010000071131026271745
53190105414632000115650010000071141290752890
53190105414632000115650010000071161572086751
53190105414632000115650010000071071092057481
53190105414632000115650010000071081382726944
53190105414632000115650010000071181033573286
53190105414632000115650010000071091357858465
53190105414632000115650010000071191650021065
53190105414632000115650010000071101771578685
53190105414632000115650010000071121855720053
53190105414632000115650010000071151862317740
53190105414632000115650010000071171465350223
53190105414632000115650010000071111287417072
53190105414632000115650010000071281911369409
53190105414632000115550010000180971000180971
53190105414632000115550010000180931000180930
53190105414632000115550010000180961000180966
53190105414632000115550010000180981000180987
53190105414632000115550010000180951000180950
53190105414632000115550010000180941000180945
53190105414632000115650010000071221025601473
53190105414632000115650010000071231321227901
53190105414632000115650010000071241788788608
53190105414632000115650010000071251118748573
53190105414632000115650010000071261663255668
53190105414632000115650010000071271582642456
53190105414632000115550010000180991000180992
53190105414632000115550010000181031000181039
53190105414632000115550010000181051000181050
53190105414632000115550010000181021000181023
53190105414632000115550010000181041000181044
53190105414632000115550010000181001000181002
53190105414632000115550010000181011000181018
53190105414632000115550010000181061000181065
53190105414632000115650010000071361454226882
53190105414632000115650010000071371738864457
53190105414632000115650010000071381584850254
53190105414632000115650010000071301565914902
53190105414632000115650010000071311999261116
53190105414632000115650010000071321081779246
53190105414632000115650010000071331276828715
53190105414632000115650010000071341728311038
53190105414632000115650010000071351450425727
53190105414632000115650010000071291442354932
53190105414632000115550010000181071000181070
53190105414632000115550010000181101000181106
53190105414632000115550010000181081000181086
53190105414632000115550010000181091000181091
53190105414632000115650010000071401210723510
53190105414632000115650010000071421494505518
53190105414632000115650010000071411821167396
53190105414632000115650010000071391569113535
53190105414632000115550010000181191000181195
53190105414632000115550010000181181000181180
53190105414632000115550010000181141000181148
53190105414632000115550010000181171000181174
53190105414632000115550010000181151000181153
53190105414632000115550010000181161000181169
53190105414632000115550010000181121000181127
53190105414632000115550010000181131000181132
53190105414632000115650010000071501879026263
53190105414632000115650010000071521651115548
53190105414632000115650010000071531155552932
53190105414632000115650010000071461656670950
53190105414632000115650010000071481509996995
53190105414632000115650010000071511112575855
53190105414632000115650010000071441794435528
53190105414632000115650010000071451655076208
53190105414632000115650010000071471677051121
53190105414632000115650010000071491552805982
53190105414632000115550010000181201000181200
53190105414632000115550010000181211000181215
53190105414632000115650010000071541461991333
53190105414632000115650010000071551183059611
53190105414632000115650010000071561980189753
53190105414632000115650010000071571383828303
53190105414632000115550010000181281000181283
53190105414632000115550010000181231000181236
53190105414632000115550010000181261000181262
53190105414632000115550010000181241000181241
53190105414632000115550010000181291000181299
53190105414632000115550010000181251000181257
53190105414632000115550010000181221000181220
53190105414632000115650010000071621977153260
53190105414632000115650010000071591943319438
53190105414632000115650010000071601850287847
53190105414632000115650010000071611246280694
53190105414632000115650010000071631830287177
53190105414632000115650010000071641072389841
53190105414632000115650010000071581514958687
53190105414632000115550010000181271000181278
53190105414632000115550010000181331000181330
53190105414632000115550010000181351000181350
53190105414632000115550010000181321000181324
53190105414632000115550010000181361000181366
53190105414632000115550010000181341000181345
53190105414632000115650010000071651870501301
53190105414632000115650010000071661061514938
53190105414632000115650010000071671951641523
53190105414632000115650010000071681871592353
53190105414632000115550010000181311000181319
53190105414632000115550010000181421000181428
53190105414632000115550010000181371000181371
53190105414632000115550010000181391000181392
53190105414632000115550010000181411000181412
53190105414632000115550010000181381000181387
53190105414632000115650010000071701781662180
53190105414632000115650010000071711691769617
53190105414632000115650010000071731739866182
53190105414632000115650010000071721288887639
53190105414632000115650010000071691089820490
53190105414632000115550010000181401000181407
53190105414632000115550010000181481000181480
53190105414632000115550010000181471000181475
53190105414632000115550010000181461000181460
53190105414632000115550010000181451000181454
53190105414632000115550010000181441000181449
53190105414632000115550010000181501000181500
53190105414632000115550010000181431000181433
53190105414632000115550010000181491000181496
53190105414632000115650010000071741493677645
53190105414632000115650010000071751997236909
53190105414632000115550010000181521000181521
53190105414632000115550010000181511000181516
53190105414632000115550010000181551000181558
53190105414632000115550010000181531000181537
53190105414632000115550010000181561000181563
53190105414632000115550010000181541000181542
53190105414632000115550010000181581000181584
53190105414632000115650010000071811909724571
53190105414632000115650010000071781715511917
53190105414632000115650010000071791881787738
53190105414632000115650010000071801012347100
53190105414632000115650010000071821287737311
53190105414632000115650010000071761251080226
53190105414632000115650010000071771686432093
53190105414632000115550010000181571000181579
53190105414632000115550010000181611000181610
53190105414632000115550010000181601000181604
53190105414632000115550010000181591000181590
53190105414632000115550010000181641000181646
53190105414632000115550010000181671000181672
53190105414632000115550010000181651000181651
53190105414632000115550010000181631000181630
53190105414632000115550010000181681000181688
53190105414632000115550010000181661000181667
53190105414632000115550010000181691000181693
53190105414632000115650010000071831316199260
53190105414632000115650010000071851422059306
53190105414632000115650010000071861162350534
53190105414632000115650010000071881819138402
53190105414632000115650010000071891236022359
53190105414632000115650010000071841819727425
53190105414632000115650010000071871335014678
53190105414632000115550010000181811000181817
53190105414632000115550010000181701000181708
53190105414632000115550010000181711000181713
53190105414632000115550010000181781000181781
53190105414632000115550010000181741000181740
53190105414632000115550010000181791000181797
53190105414632000115550010000181751000181755
53190105414632000115550010000181721000181729
53190105414632000115550010000181801000181801
53190105414632000115550010000181731000181734
53190105414632000115550010000181771000181776
53190105414632000115550010000181761000181760
53190105414632000115650010000071911726460660
53190105414632000115650010000071921728957535
53190105414632000115650010000071961849677087
53190105414632000115650010000071971760458685
53190105414632000115650010000071981933285830
53190105414632000115650010000071901394311328
53190105414632000115650010000071931037417704
53190105414632000115650010000071941614330511
53190105414632000115650010000071951124050013
53190105414632000115650010000071991460573319
53190105414632000115550010000181891000181890
53190105414632000115550010000181851000181859
53190105414632000115550010000181821000181822
53190105414632000115550010000181881000181885
53190105414632000115550010000181901000181905
53190105414632000115550010000181911000181910
53190105414632000115550010000181831000181838
53190105414632000115550010000181841000181843
53190105414632000115650010000072001563581449
53190105414632000115650010000072011166709349
53190105414632000115650010000072021507974249
53190105414632000115650010000072031133288250
53190105414632000115650010000072041351217009
53190105414632000115650010000072051053439078
53190105414632000115650010000072061335485198
53190105414632000115550010000181861000181864
53190105414632000115550010000181871000181870
53190105414632000115550010000181961000181968
53190105414632000115550010000181981000181989
53190105414632000115550010000181941000181947
53190105414632000115550010000182001000182004
53190105414632000115550010000181971000181973
53190105414632000115550010000181931000181931
53190105414632000115550010000181921000181926
53190105414632000115550010000181951000181952
53190105414632000115550010000181991000181994
53190105414632000115650010000072101301355502
53190105414632000115650010000072111587012030
53190105414632000115650010000072091630352359
53190105414632000115650010000072121788028284
53190105414632000115650010000072071613120432
53190105414632000115650010000072081184479504
53190205414632000115650010000072141181389874
53190205414632000115650010000072131303187670
53190205414632000115550010000182031000182034
53190205414632000115550010000182041000182040
53190205414632000115550010000182011000182013
53190205414632000115550010000182051000182055
53190205414632000115550010000182021000182029
53190205414632000115550010000182061000182060
53190205414632000115650010000072151263873831
53190205414632000115650010000072161538334755
53190205414632000115650010000072201742694325
53190205414632000115650010000072231700669308
53190205414632000115650010000072251558513808
53190205414632000115650010000072261139807290
53190205414632000115650010000072181226081562
53190205414632000115650010000072281132754861
53190205414632000115650010000072291416166287
53190205414632000115650010000072211045942804
53190205414632000115650010000072221733715093
53190205414632000115650010000072271560772020
53190205414632000115650010000072191506603787
53190205414632000115650010000072241114642357
53190205414632000115550010000182121000182122
53190205414632000115550010000182091000182097
53190205414632000115550010000182111000182117
53190205414632000115550010000182101000182101
53190205414632000115650010000072301659906309
53190205414632000115650010000072401500582404
53190205414632000115650010000072311852795596
53190205414632000115650010000072331620422108
53190205414632000115650010000072351883452460
53190205414632000115650010000072361503340824
53190205414632000115650010000072381334658940
53190205414632000115650010000072411860765311
53190205414632000115650010000072321871970826
53190205414632000115650010000072341352703724
53190205414632000115650010000072371508234663
53190205414632000115650010000072391183726966
53190205414632000115550010000182251000182252
53190205414632000115550010000182291000182294
53190205414632000115550010000182241000182247
53190205414632000115550010000182211000182210
53190205414632000115550010000182271000182273
53190205414632000115550010000182221000182226
53190205414632000115550010000182171000182170
53190205414632000115550010000182131000182138
53190205414632000115550010000182161000182164
53190205414632000115550010000182201000182205
53190205414632000115550010000182281000182289
53190205414632000115550010000182261000182268
53190205414632000115550010000182231000182231
53190205414632000115550010000182191000182190
53190205414632000115550010000182181000182185
53190205414632000115550010000182151000182159
53190205414632000115550010000182141000182143
53190205414632000115650010000072511862799082
53190205414632000115650010000072421456705431
53190205414632000115650010000072521990563453
53190205414632000115650010000072431045434261
53190205414632000115650010000072531845173027
53190205414632000115650010000072441833394733
53190205414632000115650010000072541296851690
53190205414632000115650010000072451114926762
53190205414632000115650010000072461882062883
53190205414632000115650010000072471877562803
53190205414632000115650010000072481922268716
53190205414632000115650010000072501491207304
53190205414632000115650010000072491935012445
53190205414632000115550010000182321000182320
53190205414632000115550010000182311000182314
53190205414632000115550010000182331000182335
53190205414632000115550010000182301000182309
53190205414632000115650010000072601242763846
53190205414632000115650010000072551161892115
53190205414632000115650010000072561230153425
53190205414632000115650010000072581463350996
53190205414632000115650010000072591631200671
53190205414632000115650010000072611537655375
53190205414632000115650010000072571827697990
53190205414632000115550010000182341000182340
53190205414632000115550010000182351000182356
53190205414632000115650010000072621202317416
53190205414632000115650010000072631419374796
53190205414632000115650010000072651160867547
53190205414632000115650010000072671084877103
53190205414632000115650010000072691312775509
53190205414632000115650010000072701158711519
53190205414632000115650010000072711868125043
53190205414632000115650010000072641775472938
53190205414632000115650010000072681833714721
53190205414632000115550010000182401000182402
53190205414632000115550010000182411000182418
53190205414632000115550010000182431000182439
53190205414632000115550010000182391000182398
53190205414632000115550010000182381000182382
53190205414632000115550010000182441000182444
53190205414632000115550010000182371000182377
53190205414632000115550010000182421000182423
53190205414632000115550010000182361000182361
53190205414632000115650010000072731483337827
53190205414632000115650010000072721634379046
53190205414632000115550010000182461000182465
53190205414632000115550010000182481000182486
53190205414632000115550010000182451000182450
53190205414632000115550010000182491000182491
53190205414632000115650010000072751562949846
53190205414632000115650010000072761240588532
53190205414632000115650010000072771920996074
53190205414632000115650010000072741154983009
53190205414632000115650010000072781290395422
53190205414632000115550010000182631000182636
53190205414632000115550010000182541000182548
53190205414632000115550010000182551000182553
53190205414632000115550010000182641000182641
53190205414632000115550010000182651000182657
53190205414632000115550010000182501000182506
53190205414632000115550010000182601000182600
53190205414632000115550010000182511000182511
53190205414632000115550010000182621000182620
53190205414632000115550010000182661000182662
53190205414632000115550010000182591000182595
53190205414632000115550010000182581000182580
53190205414632000115550010000182531000182532
53190205414632000115550010000182571000182574
53190205414632000115550010000182521000182527
53190205414632000115550010000182561000182569
53190205414632000115650010000072911016833207
53190205414632000115650010000072841472022319
53190205414632000115650010000072851758691694
53190205414632000115650010000072871284753397
53190205414632000115650010000072881209198028
53190205414632000115650010000072791439920478
53190205414632000115650010000072891573171170
53190205414632000115650010000072901302183483
53190205414632000115650010000072821390641134
53190205414632000115650010000072921915654809
53190205414632000115650010000072831367901246
53190205414632000115650010000072861992289292
53190205414632000115650010000072801318553211
53190205414632000115650010000072811967399172
53190205414632000115550010000182681000182683
53190205414632000115550010000182691000182699
53190205414632000115550010000182701000182703
53190205414632000115650010000072931351139958
53190205414632000115650010000072941392230221
53190205414632000115650010000072951819184254
53190205414632000115650010000072971990731730
53190205414632000115650010000072961028503122
53190205414632000115650010000182771799081021
53190205414632000115550010000182751000182750
53190205414632000115550010000182781000182787
53190205414632000115550010000182721000182724
53190205414632000115550010000182741000182745
53190205414632000115550010000182731000182730
53190205414632000115550010000182761000182766
53190205414632000115550010000182711000182719
53190205414632000115650010000073001159191277
53190205414632000115650010000073011572212597
53190205414632000115650010000073021457621320
53190205414632000115650010000073041991002070
53190205414632000115650010000073051667283873
53190205414632000115650010000073061325077126
53190205414632000115650010000073081227248915
53190205414632000115650010000072991994888485
53190205414632000115650010000073031822748809
53190205414632000115650010000073071294589802
53190205414632000115650010000072981081356400
53190205414632000115650010000073091840151995
53190205414632000115550010000182881000182880
53190205414632000115550010000182811000182812
53190205414632000115550010000182791000182792
53190205414632000115550010000182821000182828
53190205414632000115550010000182871000182875
53190205414632000115550010000182831000182833
53190205414632000115550010000182801000182807
53190205414632000115550010000182841000182849
53190205414632000115550010000182851000182854
53190205414632000115550010000182861000182860
53190205414632000115650010000073101262953431
53190205414632000115650010000073111573443530
53190205414632000115650010000073131475854530
53190205414632000115650010000073121377675862
53190205414632000115650010000073141627201980
53190205414632000115650010000073151262724005
53190205414632000115650010000073161610139599
53190205414632000115550010000182921000182921
53190205414632000115550010000182911000182916
53190205414632000115550010000182891000182896
53190205414632000115550010000182901000182900
53190205414632000115550010000182931000182937
53190205414632000115650010000073191926930310
53190205414632000115550010000182971000182979
53190205414632000115550010000182981000182984
53190205414632000115550010000182961000182963
53190205414632000115550010000182951000182958
53190205414632000115650010000073211020866000
53190205414632000115650010000073231299078818
53190205414632000115650010000073201045025389
53190205414632000115650010000073221612592522
53190205414632000115550010000183021000183020
53190205414632000115550010000183001000183000
53190205414632000115550010000182991000182990
53190205414632000115550010000183051000183057
53190205414632000115550010000183041000183041
53190205414632000115550010000183011000183015
53190205414632000115550010000183031000183036
53190205414632000115650010000073241561923270
53190205414632000115650010000073261283926484
53190205414632000115650010000073291657766970
53190205414632000115650010000073301531015519
53190205414632000115650010000073251547730310
53190205414632000115650010000073271665732805
53190205414632000115650010000073281363177350
53190205414632000115550010000183061000183062
53190205414632000115550010000183131000183130
53190205414632000115550010000183171000183171
53190205414632000115550010000183091000183099
53190205414632000115550010000183081000183083
53190205414632000115550010000183101000183103
53190205414632000115550010000183151000183150
53190205414632000115550010000183071000183078
53190205414632000115550010000183181000183187
53190205414632000115550010000183141000183145
53190205414632000115550010000183161000183166
53190205414632000115550010000183111000183119
53190205414632000115550010000183121000183124
53190205414632000115650010000073321698081170
53190205414632000115650010000073371695872717
53190205414632000115650010000073331932066620
53190205414632000115650010000073341476747184
53190205414632000115650010000073351160216860
53190205414632000115650010000073361153615698
53190205414632000115650010000073381407893206
53190205414632000115550010000183251000183254
53190205414632000115550010000183211000183212
53190205414632000115550010000183201000183207
53190205414632000115550010000183191000183192
53190205414632000115550010000183231000183233
53190205414632000115550010000183221000183228
53190205414632000115550010000183241000183249
53190205414632000115550010000183261000183260
53190205414632000115650010000073401314762908
53190205414632000115650010000073411248979794
53190205414632000115650010000073421178012889
53190205414632000115650010000073431409354116
53190205414632000115650010000073391601798393
53190205414632000115550010000183281000183280
53190205414632000115550010000183301000183300
53190205414632000115550010000183271000183275
53190205414632000115550010000183291000183296
53190205414632000115550010000183331000183337
53190205414632000115550010000183311000183316
53190205414632000115650010000073481706911040
53190205414632000115650010000073491892996070
53190205414632000115650010000073501097707161
53190205414632000115650010000073511534048493
53190205414632000115650010000073441842848240
53190205414632000115650010000073461738872690
53190205414632000115650010000073471973431353
53190205414632000115650010000073451069245841
53190205414632000115550010000183341000183342
53190205414632000115550010000183371000183379
53190205414632000115550010000183361000183363
53190205414632000115550010000183421000183425
53190205414632000115550010000183411000183410
53190205414632000115550010000183401000183404
53190205414632000115550010000183381000183384
53190205414632000115550010000183351000183358
53190205414632000115550010000183391000183390
53190205414632000115650010000073541155827330
53190205414632000115650010000073551234559521
53190205414632000115650010000073521022991703
53190205414632000115650010000073531727338820
53190205414632000115550010000183471000183472
53190205414632000115550010000183481000183488
53190205414632000115550010000183441000183446
53190205414632000115550010000183431000183430
53190205414632000115550010000183451000183451
53190205414632000115550010000183461000183467
53190205414632000115650010000073571950593116
53190205414632000115650010000073601757280034
53190205414632000115650010000073561511857391
53190205414632000115650010000073591543561384
53190205414632000115550010000183521000183529
53190205414632000115550010000183491000183493
53190205414632000115550010000183511000183513
53190205414632000115550010000183541000183540
53190205414632000115550010000183551000183555
53190205414632000115550010000183561000183560
53190205414632000115550010000183571000183576
53190205414632000115550010000183591000183597
53190205414632000115550010000183581000183581
53190205414632000115550010000183501000183508
53190205414632000115650010000073611470202582
53190205414632000115650010000073621781377748
53190205414632000115650010000073661979014423
53190205414632000115650010000073631393862786
53190205414632000115650010000073641047076910
53190205414632000115650010000073651390226905
53190205414632000115550010000183671000183670
53190205414632000115550010000183611000183617
53190205414632000115550010000183621000183622
53190205414632000115550010000183661000183664
53190205414632000115550010000183731000183731
53190205414632000115550010000183701000183705
53190205414632000115550010000183711000183710
53190205414632000115550010000183631000183638
53190205414632000115550010000183601000183601
53190205414632000115550010000183691000183690
53190205414632000115550010000183681000183685
53190205414632000115550010000183651000183659
53190205414632000115550010000183721000183726
53190205414632000115550010000183641000183643
53190205414632000115650010000073671070139666
53190205414632000115650010000073681041410915
53190205414632000115650010000073701502495910
53190205414632000115650010000073691564984019
53190205414632000115550010000183741000183747
53190205414632000115550010000183751000183752
53190205414632000115550010000183771000183773
53190205414632000115550010000183761000183768
53190205414632000115550010000183791000183794
53190205414632000115550010000183781000183789
53190205414632000115650010000073731843010536
53190205414632000115650010000073741372540376
53190205414632000115650010000073751774812955
53190205414632000115650010000073761002736025
53190205414632000115650010000073771762567467
53190205414632000115650010000073711230666726
53190205414632000115650010000073721748431956
53190205414632000115550010000183821000183820
53190205414632000115550010000183801000183809
53190205414632000115550010000183811000183814
53190305414632000115550010000183941000183948
53190305414632000115550010000183851000183850
53190305414632000115550010000183991000183995
53190305414632000115550010000183891000183891
53190305414632000115550010000183841000183844
53190305414632000115550010000183881000183886
53190305414632000115550010000183901000183906
53190305414632000115550010000183981000183980
53190305414632000115550010000183831000183839
53190305414632000115550010000183871000183870
53190305414632000115550010000183861000183865
53190305414632000115550010000183931000183932
53190305414632000115550010000183951000183953
53190305414632000115550010000183961000183969
53190305414632000115550010000183921000183927
53190305414632000115650010000073801769079793
53190305414632000115650010000073781182061542
53190305414632000115650010000073791718399331
53190305414632000115650010000073811672797699
53190305414632000115650010000073821551038328
53190305414632000115550010000183911000183911
53190305414632000115550010000183971000183974
53190305414632000115550010000184011000184010
53190305414632000115550010000184001000184005
53190305414632000115650010000073851578429451
53190305414632000115650010000073831854389965
53190305414632000115650010000073841128141875
53190305414632000115650010000073861140871610
53190305414632000115550010000184021000184026
53190305414632000115550010000184031000184031
53190305414632000115650010000073941097016213
53190305414632000115650010000073871825542687
53190305414632000115650010000073881558688003
53190305414632000115650010000073891951760498
53190305414632000115650010000073901227713580
53190305414632000115650010000073911843010813
53190305414632000115650010000073921497540691
53190305414632000115650010000073931512864496
53190305414632000115550010000184051000184052
53190305414632000115550010000184091000184094
53190305414632000115550010000184071000184073
53190305414632000115550010000184111000184114
53190305414632000115550010000184041000184047
53190305414632000115550010000184061000184068
53190305414632000115550010000184101000184109
53190305414632000115550010000184081000184089
53190305414632000115650010000074001367461256
53190305414632000115650010000074011656591482
53190305414632000115650010000074031704899989
53190305414632000115650010000074041688884096
53190305414632000115650010000073951673724810
53190305414632000115650010000073961286622026
53190305414632000115650010000073971655456889
53190305414632000115650010000073981608246684
53190305414632000115650010000073991039839470
53190305414632000115650010000074021930884523
53190305414632000115550010000184151000184156
53190305414632000115550010000184161000184161
53190305414632000115550010000184181000184182
53190305414632000115550010000184191000184198
53190305414632000115550010000184141000184140
53190305414632000115550010000184131000184135
53190305414632000115550010000184211000184218
53190305414632000115550010000184221000184223
53190305414632000115550010000184171000184177
53190305414632000115550010000184241000184244
53190305414632000115550010000184121000184120
53190305414632000115550010000184201000184202
53190305414632000115550010000184261000184265
53190305414632000115650010000074111881135819
53190305414632000115650010000074141863076662
53190305414632000115650010000074061493091415
53190305414632000115650010000074071158125602
53190305414632000115650010000074171234374597
53190305414632000115650010000074101503324762
53190305414632000115650010000074121409203102
53190305414632000115650010000074131572959706
53190305414632000115650010000074051119928819
53190305414632000115650010000074161635245812
53190305414632000115650010000074081174013608
53190305414632000115650010000074091502054663
53190305414632000115550010000184231000184239
53190305414632000115550010000184251000184250
53190305414632000115650010000074151757623130
53190305414632000115550010000184281000184286
53190305414632000115550010000184271000184270
53190305414632000115650010000074201172293551
53190305414632000115650010000074181858488787
53190305414632000115650010000074211164710316
53190305414632000115650010000074191176792250
53190305414632000115550010000184431000184436
53190305414632000115550010000184361000184369
53190305414632000115550010000184381000184380
53190305414632000115550010000184341000184348
53190305414632000115550010000184401000184400
53190305414632000115550010000184311000184311
53190305414632000115550010000184321000184327
53190305414632000115550010000184441000184441
53190305414632000115550010000184301000184306
53190305414632000115550010000184291000184291
53190305414632000115550010000184331000184332
53190305414632000115550010000184411000184415
53190305414632000115550010000184421000184420
53190305414632000115550010000184351000184353
53190305414632000115550010000184371000184374
53190305414632000115650010000074221299565486
53190305414632000115650010000074241150404465
53190305414632000115650010000074251689218456
53190305414632000115650010000074271231901096
53190305414632000115650010000074281468396167
53190305414632000115650010000074291186238774
53190305414632000115650010000074301484164648
53190305414632000115650010000074311918904090
53190305414632000115650010000074231229620647
53190305414632000115650010000074261702246400
53190305414632000115550010000184391000184395
53190305414632000115550010000184451000184457
53190305414632000115550010000184521000184524
53190305414632000115550010000184531000184530
53190305414632000115550010000184471000184478
53190305414632000115550010000184541000184545
53190305414632000115550010000184511000184519
53190305414632000115550010000184461000184462
53190305414632000115550010000184551000184550
53190305414632000115550010000184501000184503
53190305414632000115550010000184561000184566
53190305414632000115650010000074321457980086
53190305414632000115650010000074391420636404
53190305414632000115650010000074331060395261
53190305414632000115650010000074341402331560
53190305414632000115650010000074351945969687
53190305414632000115650010000074361688139262
53190305414632000115650010000074371666691628
53190305414632000115650010000074381731333562
53190305414632000115550010000184581000184587
53190305414632000115550010000184591000184592
53190305414632000115550010000184571000184571
53190305414632000115650010000074501598954020
53190305414632000115650010000074411267106015
53190305414632000115650010000074511037992109
53190305414632000115650010000074521154771610
53190305414632000115650010000074441679356070
53190305414632000115650010000074401866222570
53190305414632000115650010000074421577849420
53190305414632000115650010000074431238989251
53190305414632000115650010000074531612853704
53190305414632000115650010000074451541125483
53190305414632000115650010000074461246023036
53190305414632000115650010000074471772793516
53190305414632000115650010000074491591258320
53190305414632000115650010000074481000422680
53190305414632000115650010000074561104172887
53190305414632000115650010000074571509035432
53190305414632000115650010000074581628522156
53190305414632000115550010000184661000184660
53190305414632000115550010000184651000184654
53190305414632000115550010000184631000184633
53190305414632000115550010000184671000184675
53190305414632000115550010000184601000184607
53190305414632000115550010000184611000184612
53190305414632000115550010000184641000184649
53190305414632000115550010000184621000184628
53190305414632000115650010000074541162080235
53190305414632000115650010000074551872270258
53190305414632000115550010000184731000184737
53190305414632000115550010000184751000184758
53190305414632000115550010000184761000184763
53190305414632000115550010000184771000184779
53190305414632000115550010000184681000184680
53190305414632000115550010000184741000184742
53190305414632000115550010000184781000184784
53190305414632000115550010000184711000184716
53190305414632000115550010000184691000184696
53190305414632000115550010000184721000184721
53190305414632000115650010000074641836516446
53190305414632000115650010000074651976752913
53190305414632000115650010000074621188934969
53190305414632000115650010000074631874001221
53190305414632000115650010000074661299471966
53190305414632000115650010000074591804828914
53190305414632000115550010000184701000184700
53190305414632000115550010000184791000184790
53190305414632000115550010000184811000184810
53190305414632000115550010000184821000184825
53190305414632000115550010000184831000184830
53190305414632000115550010000184801000184804
53190305414632000115650010000074671553994128
53190305414632000115550010000184871000184872
53190305414632000115550010000184851000184851
53190305414632000115550010000184841000184846
53190305414632000115550010000184881000184888
53190305414632000115650010000074701683731777
53190305414632000115650010000074711069777702
53190305414632000115650010000074721833647568
53190305414632000115650010000074681081525020
53190305414632000115650010000074731532122390
53190305414632000115650010000074741083318711
53190305414632000115650010000074691039744255
53190305414632000115550010000184861000184867
53190305414632000115550010000184941000184940
53190305414632000115550010000184951000184955
53190305414632000115550010000184931000184934
53190305414632000115550010000184961000184960
53190305414632000115550010000184901000184908
53190305414632000115550010000184911000184913
53190305414632000115550010000184921000184929
53190305414632000115550010000184891000184893
53190305414632000115650010000074751588069830
53190305414632000115650010000074761714366297
53190305414632000115650010000074801151947780
53190305414632000115650010000074771930081995
53190305414632000115650010000074781120215266
53190305414632000115650010000074791077458880
53190305414632000115550010000184971000184976
53190305414632000115550010000184981000184981
53190305414632000115550010000185011000185012
53190305414632000115550010000185001000185007
53190305414632000115550010000184991000184997
53190305414632000115650010000074811265659276
53190305414632000115650010000074821141701103
53190305414632000115650010000074861022459014
53190305414632000115650010000074831505195770
53190305414632000115650010000074841658366608
53190305414632000115650010000074851061968393
53190305414632000115550010000185061000185060
53190305414632000115550010000185071000185075
53190305414632000115550010000185021000185028
53190305414632000115550010000185031000185033
53190305414632000115550010000185041000185049
53190305414632000115550010000185051000185054
53190305414632000115650010000074911768352789
53190305414632000115650010000074921321267530
53190305414632000115650010000074931403336176
53190305414632000115650010000074871875836299
53190305414632000115650010000074881459870380
53190305414632000115650010000074891330712510
53190305414632000115650010000074901115725574
53190305414632000115550010000185151000185158
53190305414632000115550010000185101000185100
53190305414632000115550010000185141000185142
53190305414632000115550010000185081000185080
53190305414632000115550010000185091000185096
53190305414632000115550010000185121000185121
53190305414632000115550010000185131000185137
53190305414632000115550010000185161000185163
53190305414632000115550010000185181000185184
53190305414632000115650010000075001493963040
53190305414632000115650010000075011881304920
53190305414632000115650010000074981152610350
53190305414632000115650010000075021603150689
53190305414632000115650010000074951953597333
53190305414632000115650010000074961548194455
53190305414632000115650010000074971867509426
53190305414632000115650010000074991119849087
53190305414632000115550010000185111000185116
53190305414632000115550010000185201000185204
53190305414632000115550010000185191000185190
53190305414632000115550010000185241000185246
53190305414632000115550010000185231000185230
53190305414632000115550010000185221000185225
53190305414632000115550010000185211000185210
53190305414632000115650010000075071065493208
53190305414632000115650010000075031237240818
53190305414632000115650010000075041518543250
53190305414632000115650010000075051807099780
53190305414632000115650010000075061652010118
53190305414632000115650010000075081909587026
53190305414632000115550010000185341000185340
53190305414632000115550010000185261000185267
53190305414632000115550010000185311000185313
53190305414632000115550010000185251000185251
53190305414632000115550010000185271000185272
53190305414632000115550010000185301000185308
53190305414632000115550010000185291000185293
53190305414632000115550010000185281000185288
53190305414632000115550010000185331000185334
53190305414632000115550010000185321000185329
53190305414632000115650010000075211877729515
53190305414632000115650010000075121055232169
53190305414632000115650010000075131014632984
53190305414632000115650010000075141425544261
53190305414632000115650010000075151401045696
53190305414632000115650010000075181217355426
53190305414632000115650010000075091768919122
53190305414632000115650010000075191678773753
53190305414632000115650010000075101226057167
53190305414632000115650010000075201568258430
53190305414632000115650010000075221747851385
53190305414632000115650010000075231305855781
53190305414632000115650010000075161625916981
53190305414632000115650010000075171980704012
53190305414632000115650010000075111353859065
53190305414632000115550010000185431000185438
53190305414632000115550010000185391000185397
53190305414632000115550010000185351000185355
53190305414632000115550010000185421000185422
53190305414632000115550010000185401000185401
53190305414632000115550010000185411000185417
53190305414632000115550010000185381000185381
53190305414632000115550010000185361000185360
53190305414632000115550010000185371000185376
53190305414632000115650010000075301891995099
53190305414632000115650010000075311091132778
53190305414632000115650010000075321251332327
53190305414632000115650010000075331350129730
53190305414632000115650010000075261843966685
53190305414632000115650010000075281865239241
53190305414632000115650010000075241244438156
53190305414632000115650010000075251590711130
53190305414632000115650010000075271086983118
53190305414632000115650010000075291991372661
53190305414632000115650010000075441397773655
53190305414632000115650010000075431103958795
53190305414632000115550010000185491000185490
53190305414632000115550010000185461000185464
53190305414632000115550010000185451000185459
53190305414632000115550010000185531000185531
53190305414632000115550010000185481000185485
53190305414632000115550010000185521000185526
53190305414632000115550010000185441000185443
53190305414632000115550010000185501000185505
53190305414632000115550010000185471000185470
53190305414632000115550010000185511000185510
53190305414632000115650010000075351710369898
53190305414632000115650010000075361564671782
53190305414632000115650010000075391593902616
53190305414632000115650010000075401375416532
53190305414632000115650010000075411956525460
53190305414632000115650010000075341356652512
53190305414632000115650010000075371648887538
53190305414632000115650010000075381350031027
53190305414632000115550010000185651000185656
53190305414632000115550010000185621000185620
53190305414632000115550010000185631000185635
53190305414632000115550010000185551000185552
53190305414632000115550010000185591000185594
53190305414632000115550010000185641000185640
53190305414632000115550010000185581000185589
53190305414632000115550010000185611000185614
53190305414632000115550010000185601000185609
53190305414632000115550010000185571000185573
53190305414632000115550010000185561000185568
53190305414632000115550010000185541000185547
53190305414632000115650010000075511427424399
53190305414632000115650010000075531067536969
53190305414632000115650010000075451310827801
53190305414632000115650010000075591753963750
53190305414632000115650010000075501842123752
53190305414632000115650010000075601552576343
53190305414632000115650010000075611390557184
53190305414632000115650010000075521013132790
53190305414632000115650010000075621856952030
53190305414632000115650010000075541859437215
53190305414632000115650010000075551916404721
53190305414632000115650010000075461647428989
53190305414632000115650010000075561282260150
53190305414632000115650010000075471628190295
53190305414632000115650010000075571605511563
53190305414632000115650010000075481146360146
53190305414632000115650010000075581262498520
53190305414632000115650010000075491375295064
53190305414632000115550010000185661000185661
53190305414632000115650010000075651821728968
53190305414632000115650010000075631569175047
53190305414632000115650010000075641276626735
53190405414632000115550010000185701000185706
53190405414632000115550010000185711000185711
53190405414632000115550010000185691000185691
53190405414632000115550010000185721000185727
53190405414632000115550010000185731000185732
53190405414632000115550010000185681000185686
53190405414632000115550010000185741000185748
53190405414632000115650010000075701872889695
53190405414632000115650010000075421250786014
53190405414632000115650010000075721864552207
53190405414632000115650010000075731545259852
53190405414632000115650010000075681777843987
53190405414632000115650010000075711192416185
53190405414632000115650010000074941033227123
53190405414632000115650010000075661766553740
53190405414632000115650010000075691819915520
53190405414632000115550010000185821000185820
53190405414632000115550010000185781000185780
53190405414632000115550010000185761000185769
53190405414632000115550010000185771000185774
53190405414632000115550010000185811000185815
53190405414632000115550010000185841000185841
53190405414632000115550010000185791000185795
53190405414632000115550010000185751000185753
53190405414632000115550010000185801000185800
53190405414632000115550010000185831000185836
53190405414632000115650010000075751065358967
53190405414632000115650010000075771172422272
53190405414632000115650010000075781030466102
53190405414632000115650010000075741841302896
53190405414632000115650010000075761076095781
53190405414632000115650010000075791062062470
53190405414632000115550010000185671145007153
53190405414632000115550010000185171145000858
53190405414632000115550010000185961000185966
53190405414632000115550010000185981000185987
53190405414632000115550010000185851000185857
53190405414632000115550010000185861000185862
53190405414632000115550010000185871000185878
53190405414632000115550010000185901000185903
53190405414632000115550010000185881000185883
53190405414632000115550010000185931000185930
53190405414632000115550010000185941000185945
53190405414632000115550010000185921000185924
53190405414632000115550010000185911000185919
53190405414632000115550010000185971000185971
53190405414632000115550010000186001000186002
53190405414632000115550010000186011000186018
53190405414632000115550010000186021000186023
53190405414632000115550010000186031000186039
53190405414632000115550010000186041000186044
53190405414632000115550010000186051000186050
53190405414632000115550010000185991000185992
53190405414632000115550010000185891000185899
53190405414632000115650010000075801117991088
53190405414632000115650010000075901676307355
53190405414632000115650010000075861972946666
53190405414632000115650010000075881424887561
53190405414632000115650010000075811148752139
53190405414632000115650010000075821384629016
53190405414632000115650010000075831636170273
53190405414632000115650010000075841982502170
53190405414632000115650010000075851911050835
53190405414632000115650010000075871675365070
53190405414632000115650010000075891097242501
53190405414632000115550010000185951000185950
53190405414632000115550010000186091000186091
53190405414632000115550010000186101000186106
53190405414632000115550010000186131000186132
53190405414632000115550010000186161000186169
53190405414632000115550010000186111000186111
53190405414632000115550010000186151000186153
53190405414632000115550010000186121000186127
53190405414632000115550010000186081000186086
53190405414632000115550010000186071000186070
53190405414632000115550010000186141000186148
53190405414632000115550010000186061000186065
53190405414632000115650010000076001122096630
53190405414632000115650010000075921200146641
53190405414632000115650010000075931984717092
53190405414632000115650010000075941539749096
53190405414632000115650010000075961175713834
53190405414632000115650010000075991923553093
53190405414632000115650010000076011320147352
53190405414632000115650010000075911100401561
53190405414632000115650010000075951754594210
53190405414632000115650010000075971111184129
53190405414632000115650010000075981509531814
53190405414632000115550010000186231000186236
53190405414632000115550010000186201000186200
53190405414632000115550010000186221000186220
53190405414632000115550010000186171000186174
53190405414632000115550010000186241000186241
53190405414632000115550010000186271000186278
53190405414632000115550010000186181000186180
53190405414632000115550010000186251000186257
53190405414632000115550010000186261000186262
53190405414632000115550010000186191000186195
53190405414632000115550010000186211000186215
53190405414632000115650010000076101217411874
53190405414632000115650010000076021288963410
53190405414632000115650010000076041872726648
53190405414632000115650010000076051366180009
53190405414632000115650010000076061356141040
53190405414632000115650010000076071334366071
53190405414632000115650010000076031444205839
53190405414632000115650010000076081046808459
53190405414632000115650010000076091897293334
53190405414632000115550010000186291000186299
53190405414632000115550010000186281000186283
53190405414632000115650010000076111427282300
53190405414632000115650010000076121242959432
53190405414632000115650010000076131236305970
53190405414632000115650010000076141450499133
53190405414632000115650010000076151261267402
53190405414632000115650010000076261136402441
53190405414632000115650010000076271965742605
53190405414632000115550010000186331000186330
53190405414632000115550010000186301000186303
53190405414632000115550010000186311000186319
53190405414632000115550010000186321000186324
53190405414632000115550010000186341000186345
53190405414632000115550010000186351000186350
53190405414632000115550010000186361000186366
53190405414632000115650010000076211706277805
53190405414632000115650010000076231536174363
53190405414632000115650010000076251205549585
53190405414632000115650010000076161340509465
53190405414632000115650010000076201128390630
53190405414632000115650010000076221523332901
53190405414632000115650010000076241854889053
53190405414632000115650010000076171076452570
53190405414632000115650010000076181203212376
53190405414632000115650010000076191321356391
53190405414632000115550010000186381000186387
53190405414632000115550010000186401000186407
53190405414632000115550010000186431000186433
53190405414632000115550010000186391000186392
53190405414632000115550010000186371000186371
53190405414632000115550010000186411000186412
53190405414632000115550010000186421000186428
53190405414632000115650010000076301735604249
53190405414632000115650010000076361677624860
53190405414632000115650010000076281923765272
53190405414632000115650010000076291729983488
53190405414632000115650010000076311052752611
53190405414632000115650010000076321158415357
53190405414632000115650010000076341768718587
53190405414632000115650010000076351707747550
53190405414632000115550010000186441000186449
53190405414632000115650010000076331520580630
53190405414632000115550010000186461000186460
53190405414632000115550010000186501000186500
53190405414632000115550010000186491000186496
53190405414632000115550010000186471000186475
53190405414632000115550010000186451000186454
53190405414632000115550010000186481000186480
53190405414632000115550010000186511000186516
53190405414632000115650010000076421782992269
53190405414632000115650010000076381661989868
53190405414632000115650010000076401277140892
53190405414632000115650010000076411614255344
53190405414632000115650010000076391520530858
53190405414632000115550010000186641000186646
53190405414632000115550010000186651000186651
53190405414632000115550010000186561000186563
53190405414632000115550010000186631000186630
53190405414632000115550010000186541000186542
53190405414632000115550010000186551000186558
53190405414632000115550010000186591000186590
53190405414632000115550010000186581000186584
53190405414632000115550010000186531000186537
53190405414632000115550010000186611000186610
53190405414632000115550010000186621000186625
53190405414632000115550010000186661000186667
53190405414632000115550010000186571000186579
53190405414632000115550010000186521000186521
53190405414632000115550010000186601000186604
53190405414632000115650010000076441465287969
53190405414632000115650010000076451663052736
53190405414632000115650010000076431198658700
53190405414632000115550010000186681000186688
53190405414632000115550010000186721000186729
53190405414632000115550010000186731000186734
53190405414632000115550010000186711000186713
53190405414632000115550010000186701000186708
53190405414632000115550010000186691000186693
53190405414632000115550010000186741000186740
53190405414632000115650010000076501825784397
53190405414632000115650010000076471750334122
53190405414632000115650010000076461719051346
53190405414632000115650010000076481605925635
53190405414632000115650010000076491513057618
53190405414632000115550010000186671000186672
53190405414632000115550010000186751000186755
53190405414632000115650010000076511369410539
53190405414632000115650010000076521711149115
53190405414632000115650010000076531487440378
53190405414632000115650010000076551880762223
53190405414632000115650010000076541841051543
53190405414632000115550010000186781000186781
53190405414632000115550010000186891000186890
53190405414632000115550010000186861000186864
53190405414632000115550010000186851000186859
53190405414632000115550010000186791000186797
53190405414632000115550010000186811000186817
53190405414632000115550010000186771000186776
53190405414632000115550010000186761000186760
53190405414632000115550010000186801000186801
53190405414632000115550010000186841000186843
53190405414632000115550010000186871000186870
53190405414632000115550010000186831000186838
53190405414632000115650010000076601453509400
53190405414632000115650010000076611195354066
53190405414632000115650010000076621249705128
53190405414632000115650010000076561527383118
53190405414632000115650010000076571970372330
53190405414632000115650010000076581499467981
53190405414632000115650010000076591815792066
53190405414632000115650010000076631793307678
53190405414632000115650010000076641979675143
53190405414632000115550010000186821000186822
53190405414632000115550010000186881000186885
53190405414632000115550010000186981000186989
53190405414632000115550010000186951000186952
53190405414632000115550010000186971000186973
53190405414632000115550010000186961000186968
53190405414632000115550010000186941000186947
53190405414632000115550010000186911000186910
53190405414632000115550010000186901000186905
53190405414632000115550010000186931000186931
53190405414632000115650010000076701160354212
53190405414632000115650010000076711035260817
53190405414632000115650010000076731969815839
53190405414632000115650010000076651725650863
53190405414632000115650010000076751661644414
53190405414632000115650010000076661503063926
53190405414632000115650010000076671403021625
53190405414632000115650010000076721710331494
53190405414632000115650010000076741842866128
53190405414632000115650010000076681785785856
53190405414632000115650010000076691854976500
53190405414632000115550010000186921000186926
53190405414632000115550010000187081000187088
53190405414632000115550010000187071000187072
53190405414632000115550010000187041000187046
53190405414632000115550010000187031000187030
53190405414632000115550010000187001000187004
53190405414632000115550010000187111000187113
53190405414632000115550010000187091000187093
53190405414632000115550010000187051000187051
53190405414632000115550010000187021000187025
53190405414632000115550010000187061000187067
53190405414632000115550010000187101000187108
53190405414632000115650010000076761469726618
53190405414632000115650010000076781923107625
53190405414632000115650010000076771584945766
53190405414632000115650010000076791688697640
53190405414632000115550010000187011000187010
53190405414632000115550010000187131000187134
53190405414632000115550010000187161000187160
53190405414632000115550010000187121000187129
53190405414632000115550010000187141000187140
53190405414632000115550010000187151000187155
53190405414632000115650010000076801396394745
53190405414632000115650010000076821332665661
53190405414632000115650010000076831539916466
53190405414632000115650010000076841448510260
53190405414632000115650010000076851404246009
53190405414632000115650010000076871177938821
53190405414632000115650010000076881025194720
53190405414632000115650010000076811034945510
53190405414632000115650010000076861214269170
53190405414632000115550010000187201000187201
53190405414632000115550010000187211000187217
53190405414632000115550010000187191000187197
53190405414632000115550010000187181000187181
53190405414632000115550010000187171000187176
53190405414632000115650010000076931288859480
53190405414632000115650010000076901226402972
53190405414632000115650010000076911068961612
53190405414632000115650010000076921276658290
53190405414632000115650010000076941510772370
53190405414632000115650010000076951180058421
53190405414632000115650010000076961804164186
53190405414632000115650010000076891979641663
53190405414632000115650010000077101495854974
53190405414632000115650010000077021582587930
53190405414632000115650010000077051882756976
53190405414632000115650010000077091438051620
53190405414632000115650010000077111986988250
53190405414632000115650010000077121122890686
53190405414632000115650010000077031933582592
53190405414632000115650010000077061742208647
53190405414632000115650010000077071604948049
53190405414632000115650010000077081723469036
53190405414632000115550010000187241000187243
53190405414632000115550010000187291000187290
53190405414632000115550010000187301000187305
53190405414632000115550010000187311000187310
53190405414632000115550010000187281000187285
53190405414632000115550010000187221000187222
53190405414632000115550010000187251000187259
53190405414632000115550010000187261000187264
53190405414632000115550010000187231000187238
53190405414632000115550010000187271000187270
53190405414632000115650010000077001522956926
53190405414632000115650010000076991725251525
53190405414632000115650010000077011328733876
53190405414632000115650010000076971882004369
53190405414632000115650010000076981012423977
53190405414632000115550010000187331149565099
53190405414632000115550010000187391000187394
53190405414632000115550010000187381000187389
53190405414632000115550010000187421000187420
53190405414632000115550010000187351000187352
53190405414632000115550010000187371000187373
53190405414632000115550010000187411000187414
53190405414632000115550010000187431000187435
53190405414632000115550010000187341000187347
53190405414632000115650010000077131914656868
53190405414632000115650010000077161767089699
53190405414632000115650010000077171732107639
53190405414632000115650010000077141257616889
53190405414632000115550010000187401000187409
53190405414632000115550010000187361000187368
53190405414632000115650010000077151995217708
53190405414632000115550010000187481000187482
53190405414632000115550010000187501000187502
53190405414632000115550010000187461000187461
53190405414632000115550010000187511000187518
53190405414632000115550010000187441000187440
53190405414632000115550010000187451000187456
53190405414632000115550010000187491000187498
53190405414632000115550010000187471000187477
53190405414632000115650010000077211676898306
53190405414632000115650010000077231873467680
53190405414632000115650010000077331840828450
53190405414632000115650010000077251622338492
53190405414632000115650010000077261203798130
53190405414632000115650010000077191716038169
53190405414632000115650010000077291625759692
53190405414632000115650010000077201824072691
53190405414632000115650010000077301046422026
53190405414632000115650010000077311453912747
53190405414632000115650010000077221185596528
53190405414632000115650010000077321561295203
53190405414632000115650010000077241099012283
53190405414632000115650010000077271244685206
53190405414632000115650010000077281995563515
53190405414632000115550010000187631000187632
53190405414632000115550010000187601000187606
53190405414632000115550010000187581000187586
53190405414632000115550010000187621000187627
53190405414632000115550010000187521000187523
53190405414632000115550010000187561000187565
53190405414632000115550010000187611000187611
53190405414632000115550010000187531000187539
53190405414632000115550010000187541000187544
53190405414632000115550010000187571000187570
53190405414632000115550010000187591000187591
53190405414632000115650010000077341058516372
53190405414632000115650010000077351216476250
53190405414632000115650010000077361448539320
53190405414632000115650010000077381197374541
53190405414632000115650010000077391554607840
53190405414632000115650010000077401531742785
53190405414632000115650010000077411741494955
53190405414632000115650010000077371151680421
53190405414632000115550010000187671000187674
53190405414632000115550010000187651000187653
53190405414632000115550010000187641000187648
53190405414632000115550010000187661000187669
53190405414632000115550010000187681000187680
53190405414632000115650010000077441729865762
53190405414632000115650010000077481784711185
53190405414632000115650010000077491229205867
53190405414632000115650010000077501289183739
53190405414632000115650010000077421210206859
53190405414632000115650010000077431493509723
53190405414632000115650010000077451051505425
53190405414632000115650010000077461587181731
53190405414632000115650010000077471744963780
53190405414632000115550010000187551150590490
53190405414632000115550010000187731000187736
53190405414632000115550010000187771000187778
53190405414632000115550010000187741000187741
53190405414632000115550010000187751000187757
53190405414632000115550010000187711000187715
53190405414632000115550010000187761000187762
53190405414632000115550010000187691000187695
53190405414632000115550010000187701000187700
53190405414632000115550010000187721000187720
53190405414632000115650010000077511401226314
53190405414632000115650010000077531003223565
53190405414632000115650010000077541975527424
53190405414632000115650010000077521277706930
53190405414632000115650010000077551110611520
53190405414632000115550010000187831000187830
53190405414632000115550010000187791000187799
53190405414632000115550010000187821000187824
53190405414632000115550010000187781000187783
53190405414632000115550010000187811000187819
53190405414632000115650010000077601815672741
53190405414632000115650010000077611896976123
53190405414632000115650010000077571560294989
53190405414632000115650010000077581777804765
53190405414632000115650010000077591514738017
53190405414632000115650010000077621168821611
53190405414632000115650010000077631893554370
53190405414632000115650010000077641909318312
53190405414632000115650010000077561498131174
53190405414632000115550010000187801000187803
53190505414632000115550010000187901000187900
53190505414632000115550010000187891000187896
53190505414632000115550010000187881000187880
53190505414632000115550010000187851000187854
53190505414632000115650010000077701411969475
53190505414632000115650010000077661502619733
53190505414632000115650010000077671523472135
53190505414632000115650010000077731228615548
53190505414632000115650010000077741445784221
53190505414632000115650010000077651597818260
53190505414632000115650010000077681387251478
53190505414632000115650010000077691067586891
53190505414632000115550010000187841000187849
53190505414632000115550010000187861000187860
53190505414632000115550010000187871000187875
53190505414632000115650010000077711034968823
53190505414632000115650010000077721493230910
53190505414632000115550010000187951000187958
53190505414632000115550010000187991000187990
53190505414632000115550010000187931000187937
53190505414632000115550010000188021000188020
53190505414632000115550010000187921000187921
53190505414632000115550010000188051000188057
53190505414632000115550010000188031000188036
53190505414632000115550010000187971000187979
53190505414632000115550010000188001000188000
53190505414632000115550010000187941000187942
53190505414632000115550010000188041000188041
53190505414632000115650010000077801758433972
53190505414632000115650010000077811150780491
53190505414632000115650010000077821394466203
53190505414632000115650010000077751316703451
53190505414632000115650010000077771129063481
53190505414632000115650010000077781657679870
53190505414632000115650010000077791509253538
53190505414632000115550010000188011000188015
53190505414632000115550010000187961000187963
53190505414632000115550010000187981000187984
53190505414632000115550010000188071000188078
53190505414632000115550010000188061000188062
53190505414632000115650010000077921316516180
53190505414632000115650010000077831461740186
53190505414632000115650010000077841444889760
53190505414632000115650010000077851067842794
53190505414632000115650010000077871809361290
53190505414632000115650010000077891176299268
53190505414632000115650010000077861462450655
53190505414632000115650010000077881861120831
53190505414632000115650010000077901546934460
53190505414632000115650010000077911613880785
53190505414632000115550010000188091000188099
53190505414632000115550010000188081000188083
53190505414632000115550010000188121000188124
53190505414632000115550010000188111000188119
53190505414632000115550010000188101000188103
53190505414632000115550010000188221000188228
53190505414632000115550010000188181000188187
53190505414632000115550010000188211000188212
53190505414632000115550010000188151000188150
53190505414632000115550010000188201000188207
53190505414632000115550010000188191000188192
53190505414632000115550010000188171000188171
53190505414632000115650010000078001349967312
53190505414632000115650010000078011086065272
53190505414632000115650010000077931268682966
53190505414632000115650010000077941182747790
53190505414632000115650010000077951073794557
53190505414632000115650010000077981125939692
53190505414632000115650010000077991163266621
53190505414632000115650010000078021908320298
53190505414632000115650010000078031040641372
53190505414632000115650010000078041172644716
53190505414632000115650010000077961905475828
53190505414632000115650010000077971709139109
53190505414632000115650010000077181432443510
53190505414632000115550010000188131000188130
53190505414632000115550010000188161000188166
53190505414632000115550010000188251000188254
53190505414632000115550010000188301000188300
53190505414632000115550010000188321000188321
53190505414632000115550010000188311000188316
53190505414632000115550010000188261000188260
53190505414632000115550010000188231000188233
53190505414632000115550010000188281000188280
53190505414632000115550010000188241000188249
53190505414632000115550010000188291000188296
53190505414632000115550010000188271000188275
53190505414632000115650010000078111708403920
53190505414632000115650010000078051813857822
53190505414632000115650010000078071661976233
53190505414632000115650010000078091804485690
53190505414632000115650010000078121512748832
53190505414632000115650010000078131997395586
53190505414632000115650010000078061712552993
53190505414632000115650010000078081391402520
53190505414632000115650010000078101395987629
53190505414632000115550010000188381000188384
53190505414632000115550010000188361000188363
53190505414632000115550010000188391000188390
53190505414632000115550010000188351000188358
53190505414632000115550010000188341000188342
53190505414632000115550010000188371000188379
53190505414632000115550010000188401000188404
53190505414632000115550010000188331000188337
53190505414632000115650010000078201394143610
53190505414632000115650010000078211183510296
53190505414632000115650010000078221640411900
53190505414632000115650010000078231949180776
53190505414632000115650010000078171179503180
53190505414632000115650010000078181252347616
53190505414632000115650010000078191180747025
53190505414632000115650010000078151047149695
53190505414632000115650010000078161744432809
53190505414632000115550010000188551000188555
53190505414632000115550010000188491000188493
53190505414632000115550010000188521000188529
53190505414632000115550010000188461000188467
53190505414632000115550010000188531000188534
53190505414632000115550010000188421000188425
53190505414632000115550010000188411000188410
53190505414632000115550010000188431000188430
53190505414632000115550010000188441000188446
53190505414632000115550010000188471000188472
53190505414632000115550010000188451000188451
53190505414632000115550010000188481000188488
53190505414632000115550010000188501000188508
53190505414632000115650010000078311567991890
53190505414632000115650010000078321807980496
53190505414632000115650010000078331984909961
53190505414632000115650010000078241737351019
53190505414632000115650010000078341747621651
53190505414632000115650010000078291899152646
53190505414632000115650010000078251884365364
53190505414632000115650010000078261222108933
53190505414632000115650010000078281556809900
53190505414632000115550010000188511000188513
53190505414632000115550010000188541000188540
53190505414632000115650010000078271367287690
53190505414632000115550010000188631000188638
53190505414632000115550010000188601000188601
53190505414632000115550010000188621000188622
53190505414632000115550010000188571000188576
53190505414632000115550010000188581000188581
53190505414632000115550010000188591000188597
53190505414632000115550010000188561000188560
53190505414632000115650010000078421040169540
53190505414632000115650010000078431014878943
53190505414632000115650010000078441253037718
53190505414632000115650010000078451627485282
53190505414632000115650010000078361513927430
53190505414632000115650010000078381730543899
53190505414632000115650010000078391447192050
53190505414632000115650010000078401307528375
53190505414632000115650010000078501323708397
53190505414632000115650010000078411078600720
53190505414632000115650010000078511256726659
53190505414632000115650010000078521293287717
53190505414632000115650010000078461496763540
53190505414632000115650010000078371531441088
53190505414632000115650010000078471636512879
53190505414632000115650010000078481755505199
53190505414632000115650010000078491560021297
53190505414632000115550010000188641000188643
53190505414632000115650010000078531747010615
53190505414632000115650010000078541280646653
53190505414632000115650010000078551559514290
53190505414632000115650010000078561078748437
53190505414632000115550010000188711000188710
53190505414632000115550010000188701000188705
53190505414632000115550010000188691000188690
53190505414632000115550010000188671000188670
53190505414632000115550010000188661000188664
53190505414632000115550010000188731000188731
53190505414632000115550010000188741000188747
53190505414632000115550010000188681000188685
53190505414632000115550010000188721000188726
53190505414632000115650010000078611756591732
53190505414632000115650010000078631160266100
53190505414632000115650010000078671365612840
53190505414632000115650010000078581404951702
53190505414632000115650010000078681730657702
53190505414632000115650010000078591298440662
53190505414632000115650010000078601487401215
53190505414632000115650010000078621312582126
53190505414632000115650010000078641832951627
53190505414632000115650010000078651964516909
53190505414632000115650010000078661686794164
53190505414632000115650010000078571074325148
53190505414632000115650010000078691174726552
53190505414632000115550010000188791000188794
53190505414632000115550010000188781000188789
53190505414632000115550010000188751000188752
53190505414632000115550010000188801000188809
53190505414632000115550010000188761000188768
53190505414632000115550010000188821000188820
53190505414632000115550010000188771000188773
53190505414632000115550010000188811000188814
53190505414632000115650010000078711670128437
53190505414632000115650010000078721932884907
53190505414632000115650010000078741666545977
53190505414632000115650010000078701620720548
53190505414632000115650010000078731444656597
53190505414632000115650010000078751665863794
53190505414632000115550010000188911000188918
53190505414632000115550010000188961000188965
53190505414632000115550010000188891000188898
53190505414632000115550010000188971000188970
53190505414632000115550010000188951000188950
53190505414632000115550010000188921000188923
53190505414632000115550010000188931000188939
53190505414632000115550010000188941000188944
53190505414632000115550010000188881000188882
53190505414632000115550010000188851000188856
53190505414632000115550010000188861000188861
53190505414632000115550010000188831000188835
53190505414632000115550010000188871000188877
53190505414632000115650010000078801394768758
53190505414632000115650010000078811643876661
53190505414632000115650010000078821853397570
53190505414632000115650010000078831579886872
53190505414632000115650010000078761979125769
53190505414632000115650010000078781162171410
53190505414632000115650010000078791527582691
53190505414632000115650010000078851191604757
53190505414632000115650010000078841403420070
53190505414632000115650010000078861929035665
53190505414632000115550010000188901000188902
53190505414632000115550010000188991000188991
53190505414632000115550010000189021000189022
53190505414632000115550010000189041000189043
53190505414632000115550010000189051000189059
53190505414632000115550010000189031000189038
53190505414632000115550010000189001000189001
53190505414632000115550010000189061000189064
53190505414632000115550010000188981000188986
53190505414632000115550010000189011000189017
53190505414632000115650010000078931846213382
53190505414632000115650010000078941350459267
53190505414632000115650010000078951535889850
53190505414632000115650010000078871460073130
53190505414632000115650010000078971998195262
53190505414632000115650010000078891677063440
53190505414632000115650010000078911218998480
53190505414632000115650010000078921915511203
53190505414632000115650010000078981595223591
53190505414632000115550010000189071000189070
53190505414632000115550010000189131000189131
53190505414632000115550010000189121000189126
53190505414632000115550010000189141000189147
53190505414632000115550010000189091000189090
53190505414632000115550010000189151000189152
53190505414632000115550010000189111000189110
53190505414632000115550010000189101000189105
53190505414632000115550010000189081000189085
53190505414632000115650010000079051165297456
53190505414632000115650010000078991980037040
53190505414632000115650010000079001424339552
53190505414632000115650010000079011631529451
53190505414632000115650010000079021877600443
53190505414632000115650010000079031661942718
53190505414632000115650010000079041496481800
53190505414632000115650010000079061724324864
53190505414632000115650010000079071125164425
53190505414632000115650010000079081484878610
53190505414632000115650010000079091750627439
53190505414632000115550010000189161000189168
53190505414632000115550010000189171000189173
53190505414632000115650010000079101455528329
53190505414632000115550010000189191000189194
53190505414632000115550010000189211000189214
53190505414632000115550010000189251000189256
53190505414632000115550010000189201000189209
53190505414632000115550010000189241000189240
53190505414632000115550010000189181000189189
53190505414632000115550010000189221000189220
53190505414632000115650010000079151969452708
53190505414632000115650010000079251262367946
53190505414632000115650010000079161742968448
53190505414632000115650010000079191023240263
53190505414632000115650010000079201767617943
53190505414632000115650010000079211713212268
53190505414632000115650010000079221167161390
53190505414632000115650010000079231197803800
53190505414632000115650010000079241619860130
53190505414632000115650010000079261292934137
53190505414632000115650010000079171739751651
53190505414632000115650010000079181653447722
53190505414632000115550010000189231000189235
53190505414632000115550010000189311000189318
53190505414632000115550010000189281000189282
53190505414632000115550010000189341000189344
53190505414632000115550010000189291000189298
53190505414632000115550010000189261000189261
53190505414632000115550010000189351000189350
53190505414632000115550010000189271000189277
53190505414632000115550010000189301000189302
53190505414632000115550010000189321000189323
53190505414632000115550010000189331000189339
53190505414632000115650010000079301313763584
53190505414632000115650010000079271186184518
53190505414632000115650010000079281078211612
53190505414632000115550010000189371000189370
53190505414632000115550010000189391000189391
53190505414632000115550010000189431000189432
53190505414632000115550010000189411000189411
53190505414632000115550010000189421000189427
53190505414632000115550010000189361000189365
53190505414632000115550010000189441000189448
53190505414632000115550010000189401000189406
53190505414632000115550010000189381000189386
53190505414632000115650010000079311677628745
53190505414632000115650010000079341365707099
53190505414632000115650010000079331655596373
53190505414632000115550010000189451000189453
53190505414632000115550010000189501000189500
53190505414632000115550010000189531000189536
53190505414632000115550010000189521000189520
53190505414632000115550010000189541000189541
53190505414632000115550010000189551000189557
53190505414632000115550010000189491000189495
53190505414632000115550010000189571000189578
53190505414632000115550010000189461000189469
53190505414632000115550010000189471000189474
53190505414632000115550010000189481000189480
53190505414632000115650010000079411208522916
53190505414632000115650010000079441832144694
53190505414632000115650010000079401806517250
53190505414632000115650010000079421875880177
53190505414632000115650010000079431975070883
53190505414632000115650010000079451069523373
53190505414632000115550010000189511000189515
53190505414632000115550010000189561000189562
53190505414632000115650010000079461194370843
53190505414632000115650010000079471310105419
53190505414632000115650010000079481794288735
53190505414632000115650010000079491992561745
53190505414632000115550010000189591000189599
53190505414632000115550010000189581000189583
53190505414632000115550010000189601000189603
53190505414632000115550010000189641000189645
53190505414632000115550010000189621000189624
53190505414632000115550010000189631000189630
53190505414632000115550010000189611000189619
53190505414632000115650010000079521465689422
53190505414632000115650010000079501894823495
53190505414632000115650010000079511075744987
53190505414632000115650010000079531275621387
53190505414632000115650010000079541129603253
53190505414632000115550010000189681000189687
53190505414632000115550010000189691000189692
53190505414632000115550010000189651000189650
53190505414632000115550010000189661000189666
53190505414632000115550010000189671000189671
53190505414632000115650010000079561841541197
53190505414632000115650010000079571653474302
53190505414632000115650010000079391029424962
53190505414632000115650010000079591194505640
53190505414632000115650010000079551575923448
53190505414632000115650010000079581081891245
53190505414632000115550010000189701000189707
53190505414632000115550010000189711000189712
53190505414632000115550010000189731000189733
53190505414632000115550010000189781000189780
53190505414632000115550010000189771000189775
53190505414632000115550010000189741000189749
53190505414632000115550010000189751000189754
53190505414632000115550010000189761000189760
53190505414632000115650010000079611261989915
53190505414632000115650010000079601226425850
53190505414632000115650010000079621919572718
53190505414632000115650010000079631801852463
53190505414632000115550010000189931000189930
53190505414632000115550010000189861000189863
53190505414632000115550010000189831000189837
53190505414632000115550010000189841000189842
53190505414632000115550010000189881000189884
53190505414632000115550010000189921000189925
53190505414632000115550010000189941000189946
53190505414632000115550010000189821000189821
53190505414632000115550010000189871000189879
53190505414632000115550010000189901000189904
53190505414632000115550010000189801000189800
53190505414632000115550010000189791000189796
53190505414632000115550010000189891000189890
53190505414632000115550010000189811000189816
53190505414632000115550010000189851000189858
53190505414632000115650010000079651230991992
53190505414632000115650010000079661436626979
53190505414632000115650010000079641496541932
53190505414632000115650010000079671873893661
53190505414632000115550010000189911000189910
53190505414632000115550010000189981000189988
53190505414632000115550010000189951000189951
53190505414632000115550010000190021000190026
53190505414632000115550010000189971000189972
53190505414632000115550010000190031000190031
53190505414632000115550010000190001000190005
53190505414632000115550010000189991000189993
53190505414632000115550010000189961000189967
53190505414632000115650010000079701787506219
53190505414632000115650010000079721130328609
53190505414632000115650010000079731110395804
53190505414632000115650010000079711722759179
53190505414632000115650010000079741442917108
53190505414632000115650010000079751764609646
53190505414632000115650010000079681343792423
53190505414632000115650010000079691388683523
53190505414632000115550010000190011000190010
53190605414632000115550010000190041000190040
53190605414632000115650010000079801968127813
53190605414632000115650010000079761151131351
53190605414632000115650010000079811576498205
53190605414632000115650010000079821834992360
53190605414632000115650010000079831356817950
53190605414632000115650010000079841519155517
53190605414632000115650010000079771037345159
53190605414632000115650010000079781747676050
53190605414632000115650010000079791352995150
53190605414632000115550010000190061000190061
53190605414632000115550010000190071000190077
53190605414632000115550010000190121000190123
53190605414632000115550010000190101000190102
53190605414632000115550010000190111000190118
53190605414632000115550010000190081000190082
53190605414632000115650010000079851137526963
53190605414632000115650010000079861464891556
53190605414632000115550010000190181000190186
53190605414632000115550010000190191000190191
53190605414632000115550010000190131000190139
53190605414632000115550010000190171000190170
53190605414632000115550010000190161000190165
53190605414632000115550010000190141000190144
53190605414632000115550010000190221000190227
53190605414632000115550010000190231000190232
53190605414632000115550010000190241000190248
53190605414632000115550010000190201000190206
53190605414632000115550010000190211000190211
53190605414632000115650010000079901333731370
53190605414632000115650010000079911795737627
53190605414632000115650010000079871872205156
53190605414632000115650010000079881192971240
53190605414632000115650010000079931194399632
53190605414632000115650010000079891882954164
53190605414632000115550010000190151000190150
53190605414632000115550010000190311000190315
53190605414632000115550010000190261000190269
53190605414632000115550010000190271000190274
53190605414632000115550010000190331000190336
53190605414632000115550010000190321000190320
53190605414632000115550010000190291000190295
53190605414632000115550010000190091159907853
53190605414632000115550010000190251000190253
53190605414632000115550010000190281000190280
53190605414632000115550010000190301000190300
53190605414632000115650010000079941578776553
53190605414632000115650010000079951129833867
53190605414632000115650010000079961131090555
53190605414632000115650010000079971057278530
53190605414632000115550010000190381000190383
53190605414632000115550010000190361000190362
53190605414632000115550010000190401000190403
53190605414632000115550010000190371000190378
53190605414632000115550010000190391000190399
53190605414632000115650010000079981628262085
53190605414632000115650010000080001082268028
53190605414632000115650010000079991323567440
53190605414632000115550010000190351000190357
53190605414632000115550010000190441000190445
53190605414632000115550010000190501000190507
53190605414632000115550010000190451000190450
53190605414632000115550010000190431000190430
53190605414632000115550010000190411000190419
53190605414632000115550010000190461000190466
53190605414632000115550010000190481000190487
53190605414632000115550010000190471000190471
53190605414632000115550010000190421000190424
53190605414632000115550010000190511000190512
53190605414632000115550010000190491000190492
53190605414632000115650010000080011962536780
53190605414632000115650010000080021535487952
53190605414632000115650010000080121020835221
53190605414632000115650010000080131835695880
53190605414632000115650010000080041206527991
53190605414632000115650010000080061726437436
53190605414632000115650010000080071079133452
53190605414632000115650010000080091881910800
53190605414632000115650010000080101492564618
53190605414632000115650010000080111239076640
53190605414632000115650010000080031957208554
53190605414632000115650010000080051039612436
53190605414632000115650010000080081536459530
53190605414632000115550010000190521000190528
53190605414632000115650010000080141763795857
53190605414632000115650010000080151510597647
53190605414632000115550010000190661000190663
53190605414632000115550010000190551000190554
53190605414632000115550010000190601000190600
53190605414632000115550010000190651000190658
53190605414632000115550010000190641000190642
53190605414632000115550010000190571000190575
53190605414632000115550010000190561000190560
53190605414632000115550010000190541000190549
53190605414632000115550010000190611000190616
53190605414632000115550010000190671000190679
53190605414632000115550010000190621000190621
53190605414632000115550010000190681000190684
53190605414632000115650010000080221850163869
53190605414632000115650010000080161264685074
53190605414632000115650010000080191075580153
53190605414632000115650010000080211745855481
53190605414632000115650010000080171688410460
53190605414632000115650010000080181705699068
53190605414632000115550010000190631000190637
53190605414632000115550010000190581000190580
53190605414632000115550010000190591000190596
53190605414632000115550010000190691000190690
53190605414632000115550010000190751000190751
53190605414632000115550010000190771000190772
53190605414632000115550010000190711000190710
53190605414632000115550010000190741000190746
53190605414632000115550010000190731000190730
53190605414632000115550010000190721000190725
53190605414632000115550010000190781000190788
53190605414632000115650010000080231612774361
53190605414632000115650010000080251204458470
53190605414632000115650010000080261538265588
53190605414632000115650010000080271832432698
53190605414632000115650010000080281994059426
53190605414632000115650010000080301643573060
53190605414632000115650010000080241918207500
53190605414632000115650010000080291781396031
53190605414632000115550010000190701000190704
53190605414632000115550010000190761000190767
53190605414632000115550010000190791000190793
53190605414632000115550010000190871000190876
53190605414632000115550010000190861000190860
53190605414632000115550010000190881000190881
53190605414632000115550010000190841000190840
53190605414632000115550010000190821000190829
53190605414632000115550010000190831000190834
53190605414632000115550010000190911000190917
53190605414632000115550010000190901000190901
53190605414632000115550010000190891000190897
53190605414632000115550010000190801000190808
53190605414632000115550010000190811000190813
53190605414632000115650010000080401914245877
53190605414632000115650010000080311528014825
53190605414632000115650010000080321247324992
53190605414632000115650010000080331595133274
53190605414632000115650010000080341858976819
53190605414632000115650010000080351630036939
53190605414632000115650010000080391753437795
53190605414632000115650010000080361517215286
53190605414632000115650010000080371567429333
53190605414632000115650010000080381479483481
53190605414632000115550010000190851000190855
53190605414632000115550010000190921000190922
53190605414632000115550010000190931000190938
53190605414632000115550010000190941000190943
53190605414632000115550010000190971000190970
53190605414632000115550010000190991000190990
53190605414632000115550010000191001000191000
53190605414632000115550010000190951000190959
53190605414632000115550010000190961000190964
53190605414632000115550010000190981000190985
53190605414632000115650010000080431882758256
53190605414632000115650010000080411180746342
53190605414632000115650010000080421906507714
53190605414632000115650010000080441754366166
53190605414632000115650010000080451881950409
53190605414632000115650010000080461817554490
53190605414632000115550010000191021000191021
53190605414632000115550010000191111000191110
53190605414632000115550010000191081000191084
53190605414632000115550010000191061000191063
53190605414632000115550010000191091000191090
53190605414632000115550010000191071000191079
53190605414632000115550010000191101000191104
53190605414632000115550010000191031000191037
53190605414632000115550010000191041000191042
53190605414632000115550010000191011000191016
53190605414632000115550010000191051000191058
53190605414632000115650010000080511906038411
53190605414632000115650010000080531684510556
53190605414632000115650010000080541983806047
53190605414632000115650010000080471793105787
53190605414632000115650010000080481487704340
53190605414632000115650010000080501022659804
53190605414632000115650010000080521190083021
53190605414632000115650010000080561898273050
53190605414632000115650010000080491122807782
53190605414632000115650010000080551968778817
53190605414632000115550010000191141000191146
53190605414632000115550010000191121000191125
53190605414632000115550010000191131000191130
53190605414632000115650010000080581454608771
53190605414632000115650010000080591706268373
53190605414632000115650010000080601968634513
53190605414632000115650010000080571021411990
53190605414632000115550010000191161000191167
53190605414632000115550010000191151000191151
53190605414632000115550010000191201000191208
53190605414632000115550010000191191000191193
53190605414632000115550010000191181000191188
53190605414632000115550010000191171000191172
53190605414632000115650010000080611304082290
53190605414632000115650010000080621552903371
53190605414632000115650010000080661448156556
53190605414632000115650010000080631799291985
53190605414632000115650010000080641174755950
53190605414632000115650010000080651938604507
53190605414632000115550010000191211000191213
53190605414632000115550010000191291000191297
53190605414632000115550010000191271000191276
53190605414632000115550010000191311000191317
53190605414632000115550010000191221000191229
53190605414632000115550010000191231000191234
53190605414632000115550010000191261000191260
53190605414632000115550010000191251000191255
53190605414632000115550010000191301000191301
53190605414632000115550010000191281000191281
53190605414632000115550010000191241000191240
53190605414632000115650010000080701368696018
53190605414632000115650010000080721018251224
53190605414632000115650010000080731614529951
53190605414632000115650010000080681189244556
53190605414632000115650010000080711985563223
53190605414632000115650010000080671031343048
53190605414632000115650010000080691662699141
53190605414632000115550010000191371000191370
53190605414632000115550010000191331000191338
53190605414632000115550010000191351000191359
53190605414632000115550010000191341000191343
53190605414632000115550010000191321000191322
53190605414632000115550010000191361000191364
53190605414632000115650010000080771530585019
53190605414632000115650010000080791757594017
53190605414632000115650010000080741612348337
53190605414632000115650010000080751330521179
53190605414632000115650010000080761324470360
53190605414632000115650010000080781459166346
53190605414632000115550010000191441000191447
53190605414632000115550010000191411000191410
53190605414632000115550010000191391000191390
53190605414632000115550010000191471000191473
53190605414632000115550010000191451000191452
53190605414632000115550010000191421000191426
53190605414632000115550010000191461000191468
53190605414632000115550010000191381000191385
53190605414632000115550010000191431000191431
53190605414632000115550010000191401000191405
53190605414632000115650010000080801262729539
53190605414632000115650010000080821951998301
53190605414632000115650010000080851232195427
53190605414632000115650010000080831905205709
53190605414632000115650010000080841031547582
53190605414632000115650010000080861278744501
53190605414632000115650010000080811172217811
53190605414632000115550010000191501000191509
53190605414632000115550010000191491000191494
53190605414632000115550010000191481000191489
53190605414632000115650010000080871952243912
53190605414632000115650010000080881510398144
53190605414632000115550010000191571000191577
53190605414632000115550010000191551000191556
53190605414632000115550010000191511000191514
53190605414632000115550010000191521000191520
53190605414632000115550010000191541000191540
53190605414632000115550010000191531000191535
53190605414632000115550010000191561000191561
53190605414632000115650010000080901428108217
53190605414632000115650010000080911438645751
53190605414632000115650010000080921653516500
53190605414632000115650010000080891275425326
53190605414632000115550010000191671000191670
53190605414632000115550010000191611000191618
53190605414632000115550010000191651000191650
53190605414632000115550010000191681000191686
53190605414632000115550010000191631000191639
53190605414632000115550010000191581000191582
53190605414632000115550010000191641000191644
53190605414632000115550010000191601000191602
53190605414632000115550010000191591000191598
53190605414632000115550010000191661000191665
53190605414632000115650010000080931106654657
53190605414632000115650010000080941383442562
53190605414632000115650010000080951603679407
53190605414632000115550010000191621000191623
53190605414632000115550010000191691000191691
53190605414632000115550010000191811000191815
53190605414632000115550010000191741000191748
53190605414632000115550010000191831000191836
53190605414632000115550010000191771000191774
53190605414632000115550010000191861000191862
53190605414632000115550010000191801000191800
53190605414632000115550010000191791000191795
53190605414632000115550010000191721000191727
53190605414632000115550010000191711000191711
53190605414632000115550010000191781000191780
53190605414632000115550010000191701000191706
53190605414632000115550010000191851000191857
53190605414632000115550010000191761000191769
53190605414632000115550010000191731000191732
53190605414632000115550010000191751000191753
53190605414632000115550010000191841000191841
53190605414632000115650010000081021790991186
53190605414632000115650010000081041383185142
53190605414632000115650010000081051406738760
53190605414632000115650010000080961426892780
53190605414632000115650010000080971180564304
53190605414632000115650010000080991123159824
53190605414632000115650010000081001064665024
53190605414632000115650010000081011431012760
53190605414632000115650010000081061689327739
53190605414632000115650010000080981300108260
53190605414632000115550010000191821000191820
53190605414632000115550010000191871000191878
53190605414632000115550010000191881000191883
53190605414632000115550010000191891000191899
53190605414632000115550010000191931000191930
53190605414632000115550010000191921000191924
53190605414632000115550010000191911000191919
53190605414632000115650010000081101421057751
53190605414632000115650010000081111703473555
53190605414632000115650010000081071296592116
53190605414632000115650010000081081841407323
53190605414632000115650010000081091146827600
53190605414632000115650010000081121108998580
53190605414632000115550010000191901000191903
53190605414632000115550010000191961000191966
53190605414632000115550010000192021000192023
53190605414632000115550010000192011000192018
53190605414632000115550010000191981000191987
53190605414632000115550010000191941000191945
53190605414632000115550010000191951000191950
53190605414632000115550010000192001000192002
53190605414632000115550010000191971000191971
53190605414632000115550010000191991000191992
53190605414632000115650010000081201050593517
53190605414632000115650010000081131836185849
53190605414632000115650010000081141859146944
53190605414632000115650010000081151796981679
53190605414632000115650010000081161749913937
53190605414632000115650010000081191188738297
53190605414632000115650010000081171487366737
53190605414632000115650010000081181395292696
53190605414632000115550010000192031000192039
53190605414632000115550010000192041000192044
53190605414632000115650010000081211980721800
53190605414632000115650010000081221016254785
